10100001010000001000110110101011110011011110111110011000001111000001101110000111001010111000101101001010011100101011101011110110
10100001010000001000110110101011110011011110111110011000001111000001101110000111010010111000101101001010101111010011111010001101
10100001010000001000110110101011110011011110111110011000001111001001101110000111011010111000101101001010100000101101000110101101
10100001010000001000110110101011110011011110111110011000001111001001101110100111100010111000101101001010001001110011011100100100
10100001010000001000110110101011110011011110111110011000001111010001101110100111101010111000101101001010111011011111111000010110
10100001010000001000110110101011110011011110111110011000001111010001101110100111110010111000101101001010001000100111101001101101
10100001010000001000110110101011110011011110111110011000001111010001101110100111111110111000101101001010101110100100001001010100
10100001010000001000110110101011110011011110111110011000001111011001101110101000000110111000101101001010100101101011110110100011
10100001010000001000110110101011110011011110111110011000001111011001101111001000001110111000101101001010101011001001111101100010
10100001010000001000110110101011110011011110111110011000001111100001101111001000010110111000101101001010111110010001011000101111
10100001010000001000110110101011110011011110111110011000001111100001101111001000011110111000101101001010101111000110101000000110
10100001010000001000110110101011110011011110111110011000001111100001101111001000100110111000101101001010100110011110101011010000
10100001010000001000110110101011110011011110111110011000001111101001101111001000101110111000101101001010101001100000010111110000
10100001010000001000110110101011110011011110111110011000001111101001101111101000111010111000101101001010011100011101111111101101
10100001010000001000110110101011110011011110111110011000001111110001101111101001000010111000101101001010111100000001011101110011
10100001010000001000110110101011110011011110111110011000001111110001101111101001001010111000101101001010101101010110101101011010
10100001010000001000110110101011110011011110111110011000001111110001101111101001010010111000101101001010011110101110111100100001
10100001010000001000110110101011110011011110111110011000001111111001101111101001011010111000101101001010010001010000000000000001
10100001010000001000110110101011110011011110111110011000001111111001110000001001100010111000101101001010000101110110111100110010
10100001010000001000110110101011110011011110111110011000010000000001110000001001101010111000101101001010000010110010000011001001
